00: 0 1 0 1 0 E 0 E 0 1 0 E 0 1 0 E
10: 0 1 0 1 0 4 0 4 0 1 0 4 0 1 0 4
20: 0 1 0 1 0 C 0 C 0 1 0 C 0 1 0 C
30: 0 1 0 1 0 6 0 6 0 1 0 6 0 1 0 6
40: 8 1 8 1 8 E 8 E 8 1 8 E 8 1 8 E
50: 8 1 8 1 8 6 8 6 8 1 8 6 8 1 8 6
60: A 1 A 1 A E A E A 1 A E A 1 A E
70: 0 0 0 0 0 0 0 0 0 0 0 0 0 0 0 0
80: 0 1 0 4 0 2 0 E 0 1 0 4 0 2 0 E
90: 0 1 0 C 0 2 0 E 0 1 0 C 0 2 0 E
a0: 0 1 0 A 0 4 0 E 0 1 0 A 0 4 0 E
b0: 0 1 0 8 0 4 0 E 0 1 0 8 0 4 0 E
c0: 0 1 0 6 0 8 0 E 0 1 0 6 0 8 0 E
d0: 0 1 0 6 0 A 0 E 0 1 0 6 0 A 0 E
e0: 0 1 0 4 0 2 0 8 0 1 0 4 0 2 0 8
f0: 0 0 0 0 0 0 0 0 0 0 0 0 0 0 0 0