00: 0 0 0 0 0 0 0 0  0 0 0 0 0 0 0 0
10: 0 0 0 0 0 0 0 0  0 0 0 0 0 0 0 0
20: 0 0 0 0 0 0 0 0  0 0 0 0 0 0 0 0
30: 0 0 0 0 0 0 0 0  0 0 0 0 0 0 0 0
40: 0 0 0 0 0 0 0 0  0 0 0 0 0 0 0 0
50: 0 0 0 0 0 0 0 0  0 0 0 0 0 0 0 0
60: 0 0 0 0 0 0 0 0  0 0 0 0 0 0 0 0
70: 0 0 0 0 0 0 0 0  0 0 0 0 0 0 0 0
80: 1 1 e 1 1 e e e  1 1 2 1 1 2 2 2
90: 1 1 4 1 1 4 4 4  1 1 8 1 1 8 8 8
a0: 1 1 c 1 1 c c c  1 1 6 1 1 6 6 6
b0: 4 4 1 4 4 1 1 1  0 0 0 0 0 0 0 0
c0: 1 1 2 2 4 4 8 8  e e 2 2 4 4 8 8
d0: 2 2 4 4 c c 6 6  1 1 2 2 a a e e
e0: 1 1 2 2 6 6 8 8  1 1 8 8 4 4 6 6
f0: 4 4 e e 6 6 8 8  0 0 0 0 0 0 0 0